52
0 0 1 R 1
0 0 0 L 2
1 0 0 L 3
1 0 0 L 4
2 0 1 R 5
2 0 0 L 6
3 0 0 R 7
3 0 1 R 8
4 0 0 L 9
4 0 0 R 10
5 0 1 R 5
5 0 1 L 11
6 0 1 L 12
6 0 0 L 11
7 0 1 R 0
7 0 0 R 13
8 0 1 R 14
8 0 1 L 15
9 0 1 L 16
9 0 1 L 6
10 0 0 L 17
10 0 1 L 11
11 0 0 R 18
11 0 0 R 19
12 0 0 R 20
12 0 1 R 5
13 0 1 R 10
13 0 1 R 8
14 0 0 R 12
14 0 1 R 3
15 0 0 R 21
15 0 1 R 22
16 0 0 L 23
16 0 0 R 24
17 0 1 R 9
17 0 0 R 25
18 0 0 R 26
18 0 0 L 26
19 0 1 L 19
19 0 0 R 20
20 0 1 R 3
20 0 0 L 17
21 0 0 R 27
21 0 1 L 5
22 0 1 R 28
22 0 0 L 29
23 0 0 L 21
23 0 1 R 30
24 0 0 R 1
24 0 0 R 31
25 0 1 L 20
25 0 1 R 9
26 0 0 L 32
26 0 1 R 33
27 0 1 L 19
27 0 1 R 34
28 0 0 R 35
28 0 1 R 36
29 0 0 R 37
29 0 0 L 7
30 0 0 R 1
30 0 0 R 35
31 0 1 R 10
31 0 0 L 11
32 0 0 R 19
32 0 1 R 2
33 0 0 L 38
33 0 0 L 39
34 0 1 L 34
34 0 0 L 18
35 0 1 L 40
35 0 1 L 38
36 0 1 R 41
36 0 0 R 39
37 0 0 R 4
37 0 1 R 36
38 0 0 L 16
38 0 0 R 41
39 0 0 L 42
39 0 1 L 43
40 0 0 L 37
40 0 0 L 44
41 0 1 R 20
41 0 1 R 19
42 0 1 R 31
42 0 1 L 5
43 0 0 R 45
43 0 1 R 46
44 0 1 R 47
44 0 0 L 1
45 0 1 R 44
45 0 1 R 40
46 0 1 R 19
46 0 1 R 0
47 0 0 R 48
47 0 1 L 13
48 0 0 R 49
48 0 1 L 50
49 0 1 R 9
49 0 1 L 32
50 0 1 L 51
50 0 0 L 6
51 0 0 R 51
51 0 0 R 39
