48
0 0 1 R 1
0 0 0 L 2
1 0 1 L 3
1 0 0 L 4
2 0 0 R 5
2 0 0 R 6
3 0 1 L 7
3 0 0 L 4
4 0 1 R 8
4 0 1 R 9
5 0 1 R 10
5 0 0 L 11
6 0 1 R 12
6 0 0 R 13
7 0 1 R 0
7 0 1 R 14
8 0 1 R 15
8 0 0 L 16
9 0 0 L 17
9 0 1 L 16
10 0 0 L 18
10 0 0 R 7
11 0 1 L 19
11 0 0 R 20
12 0 0 L 21
12 0 1 R 1
13 0 0 L 22
13 0 1 R 17
14 0 1 L 23
14 0 0 R 24
15 0 1 L 25
15 0 1 R 7
16 0 1 L 13
16 0 1 L 11
17 0 0 R 26
17 0 0 R 20
18 0 0 R 4
18 0 0 L 27
19 0 0 R 15
19 0 1 R 25
20 0 0 R 2
20 0 1 R 8
21 0 0 L 14
21 0 1 R 28
22 0 1 R 29
22 0 0 R 8
23 0 0 R 16
23 0 1 R 30
24 0 1 L 31
24 0 1 L 32
25 0 1 L 14
25 0 1 R 18
26 0 0 R 33
26 0 1 L 33
27 0 1 R 17
27 0 0 L 24
28 0 1 L 6
28 0 1 L 34
29 0 1 R 35
29 0 1 L 36
30 0 0 R 37
30 0 0 L 38
31 0 1 R 39
31 0 0 R 15
32 0 0 R 25
32 0 1 R 40
33 0 1 R 41
33 0 1 R 34
34 0 1 L 42
34 0 0 L 12
35 0 0 R 29
35 0 0 L 21
36 0 1 L 17
36 0 1 R 9
37 0 0 L 41
37 0 1 L 43
38 0 1 L 20
38 0 0 L 32
39 0 1 L 16
39 0 0 L 20
40 0 1 L 17
40 0 1 L 44
41 0 0 L 43
41 0 1 L 45
42 0 0 R 25
42 0 0 R 41
43 0 1 R 40
43 0 1 R 26
44 0 0 L 34
44 0 0 L 17
45 0 1 L 46
45 0 0 R 47
46 0 0 R 45
46 0 1 L 24
47 0 0 L 14
47 0 0 L 21
