54
0 0 1 R 1
0 0 0 L 2
1 0 0 R 3
1 0 0 R 1
2 0 1 L 4
2 0 1 L 5
3 0 0 L 6
3 0 1 L 7
4 0 1 L 2
4 0 1 R 8
5 0 1 R 6
5 0 1 L 9
6 0 1 R 10
6 0 1 L 11
7 0 0 L 12
7 0 1 R 13
8 0 0 R 14
8 0 1 L 15
9 0 1 L 2
9 0 0 R 16
10 0 0 L 7
10 0 1 L 17
11 0 0 L 18
11 0 1 L 19
12 0 1 R 20
12 0 1 L 21
13 0 0 R 22
13 0 0 L 15
14 0 1 L 6
14 0 0 R 23
15 0 0 R 7
15 0 1 R 23
16 0 1 L 24
16 0 0 L 21
17 0 0 R 25
17 0 0 R 26
18 0 1 R 3
18 0 1 R 27
19 0 0 L 3
19 0 1 L 20
20 0 0 R 28
20 0 0 R 29
21 0 0 L 14
21 0 1 R 30
22 0 1 R 20
22 0 1 R 31
23 0 1 R 5
23 0 1 R 32
24 0 1 L 33
24 0 1 L 7
25 0 1 L 34
25 0 1 R 35
26 0 1 R 36
26 0 1 L 12
27 0 0 R 1
27 0 0 L 37
28 0 0 R 26
28 0 1 R 38
29 0 1 R 39
29 0 1 L 14
30 0 0 L 36
30 0 1 L 29
31 0 1 R 40
31 0 0 L 41
32 0 0 L 37
32 0 1 R 5
33 0 0 L 39
33 0 0 R 34
34 0 1 L 36
34 0 1 R 42
35 0 0 L 24
35 0 1 L 18
36 0 1 L 35
36 0 0 L 6
37 0 1 R 12
37 0 1 R 3
38 0 0 L 43
38 0 1 R 11
39 0 1 L 1
39 0 0 R 21
40 0 1 R 19
40 0 1 L 8
41 0 0 R 44
41 0 0 L 45
42 0 1 R 46
42 0 0 L 47
43 0 0 R 1
43 0 1 R 46
44 0 0 R 14
44 0 0 R 12
45 0 1 L 17
45 0 0 R 44
46 0 1 L 15
46 0 1 R 10
47 0 0 L 48
47 0 1 R 49
48 0 0 L 50
48 0 0 R 23
49 0 0 L 20
49 0 1 R 25
50 0 1 L 4
50 0 1 R 51
51 0 0 R 52
51 0 0 L 44
52 0 1 L 12
52 0 1 R 53
53 0 1 L 51
53 0 1 L 49
