51
0 0 0 L 1
0 0 1 L 2
1 0 0 L 3
1 0 0 R 4
2 0 0 R 5
2 0 0 R 6
3 0 1 L 7
3 0 0 L 8
4 0 1 R 9
4 0 1 L 10
5 0 1 L 6
5 0 1 R 11
6 0 1 R 12
6 0 0 R 13
7 0 1 L 14
7 0 1 L 15
8 0 0 L 16
8 0 1 R 17
9 0 0 L 18
9 0 0 L 6
10 0 0 R 19
10 0 0 R 7
11 0 0 L 20
11 0 0 L 3
12 0 0 R 1
12 0 0 L 7
13 0 0 L 21
13 0 1 R 22
14 0 1 R 17
14 0 0 L 23
15 0 1 R 24
15 0 0 L 21
16 0 0 L 19
16 0 1 R 25
17 0 0 L 21
17 0 0 L 16
18 0 1 L 21
18 0 1 L 26
19 0 1 L 27
19 0 1 L 28
20 0 0 L 29
20 0 0 L 30
21 0 1 R 31
21 0 1 R 32
22 0 0 L 33
22 0 1 R 34
23 0 0 R 35
23 0 1 R 18
24 0 1 R 36
24 0 1 L 25
25 0 1 L 37
25 0 1 R 38
26 0 1 R 13
26 0 1 L 31
27 0 1 L 39
27 0 1 R 22
28 0 0 R 5
28 0 0 R 10
29 0 1 L 28
29 0 1 L 1
30 0 0 R 40
30 0 1 R 38
31 0 0 L 41
31 0 0 L 42
32 0 1 R 43
32 0 0 L 5
33 0 0 R 37
33 0 1 R 41
34 0 0 R 25
34 0 1 R 44
35 0 0 R 9
35 0 1 L 45
36 0 1 R 6
36 0 1 R 46
37 0 0 L 47
37 0 0 R 48
38 0 1 L 29
38 0 1 L 49
39 0 1 R 48
39 0 0 R 22
40 0 0 L 39
40 0 1 R 30
41 0 1 R 49
41 0 0 L 21
42 0 1 R 50
42 0 1 L 3
43 0 1 R 48
43 0 1 R 44
44 0 0 R 37
44 0 1 L 36
45 0 1 R 27
45 0 0 R 36
46 0 0 L 24
46 0 1 L 17
47 0 0 R 15
47 0 0 R 40
48 0 0 L 24
48 0 1 L 42
49 0 1 R 19
49 0 0 R 12
50 0 1 R 9
50 0 1 R 22
